#note: 
#for sets: I: districts; J: potential sites
#for parameters -->
# p: population in each district
# d: distance in km from district to site
# f: fixed cost of site
# c: var cost associated with site
# B: budget

set I := 1 2 3 4 5 6 7 8 9 10 11 12 13 14 15 16 17 18 19 20 21 22 23 24 25
         26 27 28 29 30 31 32 33 34 35 36 37 38 39 40 41 42 43 44 45;

set J := 1 2 3 4 5 6 7 8 9 10 11 12 13 14 15 16 17 18 19 20 21 22 23 24 25;

param: 	p		:=
1		17821
2		2570
3		15738
4		5089
5		9992
6		19451
7		6082
8		1842
9		15664
10		16987
11		17670
12		7167
13		4179
14		7936
15		2183
16		3064
17		15602
18		13877
19		7337
20		16038
21		14121
22		19815
23		8627
24		16459
25		3167
26		31051
27		25502
28		13871
29		7336
30		16039
31		21412
32		39857
33		91627
34		16459
35		13999
36		12543
37		10200
38		16074
39		8760
40		4001
41		12907
42		2960
43		12609
44		9159
45		7995;


param d:
	1	2	3	4	5	6	7	8	9	10	11	12	13	14	15	16	17	18	19	20	21	22	23	24	25    :=
1	0.5	10.3	25.7	73.4	85.6	129.2	118.9	5.7	105.2	17.6	58.7	33.9	43.1	37.6	16.2	54.9	41.7	17.5	84.3	35.8	79.7	66.8	10.9	9.4	83.6
2	124.4	11.3	24.9	120.2	123.6	119.7	12.8	63.7	54.8	52.2	125.5	10.4	42.8	2.8	0.8	63.5	52.9	31	69	48	37.9	19.9	7.2	4.4	40.4
3	16.5	56.5	47.7	62.8	110.2	1.7	19.9	108.8	16.6	103.1	103.8	119	47.2	51.4	139.1	73.1	2.7	53.2	24.8	55.9	12.8	77.3	57.3	83.7	68.5
4	1.3	8.4	83.2	54	10.8	92.2	110.3	3.7	101.4	46.4	33.8	2.9	22.1	138.1	133.5	79.6	25.3	83.2	87.7	81	50.3	52.5	45.2	42.1	2
5	15.3	8.1	6.6	92.9	62.8	100.7	18.9	98.3	90.5	98.6	116.6	10.1	16.1	0.1	76.4	67.3	2	42.3	71.9	70.1	20.2	0.9	1.9	69.9	71.4
6	14.4	80	124	57.4	19.3	39.7	81.2	54.7	77.2	49.6	35.1	86.9	114	1.4	5.7	80.8	91.8	60.7	35.4	75.5	83.3	22.9	73.5	39.1	37.5
7	53.1	94.2	82.8	33.4	1.2	101.4	95.9	38.3	118.5	58.6	16.8	7.1	125.1	19.5	66.1	77.9	54.5	51.6	93.6	40.4	48.1	49.5	56.7	49.9	13.5
8	88.6	49.6	120.9	17.4	29.9	75.3	13.1	19.9	83.2	101	112.4	1.7	59.6	129.5	28.6	63.9	15.7	14.8	45.3	74.2	58.2	95.1	86.7	28.8	9.2
9	72.9	132.8	51.7	16	13.9	114.8	35.5	33.1	6.2	99.8	15.8	61.4	62.5	0.8	17.2	42.6	62.4	35.8	52.2	41.9	23.3	13.3	93.9	4.7	87.9
10	33.1	93.1	123.6	76.9	43.6	0.8	35.6	82.8	58.8	102.5	35.7	21.1	62.1	82.8	92.1	6.9	85	59.7	19.8	58.3	7.3	18.9	9.1	28.7	61.6
11	135.4	67.6	120.6	73.6	101.3	118.9	81.7	28.5	5.5	24.8	26.1	1.8	19.2	10.6	63.1	89	85.1	56.2	25.5	56.4	43.3	72.4	43.5	45	12.8
12	40.9	3.2	9.3	119.8	14.5	21.5	130.1	99.5	98.5	123.1	11.4	37.4	103.7	65.6	33.6	4.2	89.1	65	22.2	68.6	76.3	31.1	53	54.6	23.5
13	1.3	12.8	60.5	32.8	83.9	85.1	15.6	42.1	93	18.3	7.1	59.8	65.9	40.5	124.9	35.5	74.8	37.3	15	30.2	14.1	6.9	6.4	53.3	37.2
14	72.8	74.6	61	24.1	1.1	79.5	41.6	60.5	116.8	106	36.7	97.5	120.8	128.6	124.7	57.5	76	66.4	92.4	86	13.3	75.2	72.8	72.7	92.4
15	105.6	30.7	91.4	44.3	126.3	56.8	103.8	4.8	95.7	38.1	94.7	1.6	116.9	96.6	26.6	41.3	82.5	62.1	25.2	79.6	75.3	85.1	14.5	17.9	34
16	1.6	67.1	37.2	53.4	50.8	109.5	98.4	24.2	14.5	8.5	132.8	136.2	109.8	32.8	131.8	61.8	50.4	27.6	27.3	87.3	12.3	34.2	48.6	55.5	23.7
17	77.6	1.7	36.3	24.1	31.8	98.6	45.4	86.7	136.4	101	11.7	32.6	94.2	94.5	11.8	0.9	13.8	7.1	74.1	71.6	74.6	87	26.8	39.2	13
18	118.7	79	1.6	85	135.9	130.3	8.3	132.2	19.6	65.3	77.6	18.2	112.4	30.1	23.7	92.5	71.4	90	52.3	71.7	1.9	21.6	1	32.6	49.9
19	127.5	58.5	24.6	68.4	116.1	126.9	71.6	3.7	76.8	65.7	90.8	98.6	7.4	93.6	108.2	95.4	31.3	58.5	83.1	49.6	94	54.7	6.7	81.5	49.9
20	1.4	69.4	98	135.8	82.4	126.4	38.8	90.9	57.9	112.5	49.9	37.7	4.5	93.8	7.6	62.5	67	45.5	40.5	76.6	30.7	25.7	53	59.5	66.6
21	30.6	73.7	83.1	31.9	89.6	69.8	74.8	73.5	82.1	11.5	81.9	32	38.8	1.8	60.6	93.9	93.7	70	68.3	6.2	45.2	61.9	14.4	50.8	30.6
22	27.1	113.8	92.8	13.3	6.8	56.9	101.7	60.5	2.1	9.2	10.3	19.4	14.1	92.2	107.2	12.4	42.3	67.4	56	34.5	52.3	28.8	36.6	17.1	48.3
23	130.4	58.8	70.5	132.9	32	108	44.5	22.2	122.5	78.2	1.5	132	26.5	80.3	31.9	38.4	30.1	38.8	71.1	5.3	29	87	21.7	30.6	21.7
24	99	137.8	8.4	123.3	127.3	111.2	20.3	2.3	66.6	96.7	29.8	125.9	118.3	113.6	94.7	18.5	84.3	36.5	63.7	93.8	76.4	16.2	35.1	61.2	57.9
25	22.2	60.9	96.4	94.3	57.2	5.3	120.3	66.8	14.5	1.9	67.6	71.9	52.7	110	123.4	38.6	50.3	26.7	47.3	13.8	50	53.7	62.3	8.9	51.5
26	12.1	11.7	68.9	42.5	89.1	12.9	30.3	0.5	29.3	106.2	70	72.2	136.1	110	134.7	4	93.1	11	75.6	29.6	11.2	54.3	33.2	2.4	10.4
27	28.4	139.4	92.8	128.2	135.9	1.5	101	109.4	44.3	135.4	135	99.7	137.3	106.3	68	59.2	83	53.5	86.2	1.3	87.1	2.4	17.8	95.2	67.1
28	72.1	87.4	86.7	47.1	89.4	37.1	109.6	13.5	29.1	49.7	28.7	130.2	1.6	46.1	113.5	38	61.9	45.7	1.5	65.1	49.7	56.8	76.5	66.4	72.6
29	11	36.7	2.3	34.4	82	111.8	140	81.5	72.4	5.5	90.9	112.1	55.8	22.3	95.2	36.1	70.7	35.3	19.4	14.8	79.5	32.7	70.8	39.2	34.9
30	28.8	10	20.3	99.6	97.5	34.8	1.9	39	113.1	67.5	120.9	46	59.6	98.3	79.3	20.9	23.3	33.1	6.9	53.5	78.1	36.6	73.8	45.7	38.6
31	8.7	52.2	115.3	67.8	75.5	57.4	49.8	1.5	88.5	29.4	13.7	101.8	67.6	40.7	108.2	38	55.1	59.2	46.9	44.5	91.8	73.2	82.3	94.9	45.1
32	90.1	0.2	74.6	11.8	99.2	110.7	111.5	132.5	120.9	129.1	31.6	88.1	41.9	124.4	15.9	71.9	21.5	57.4	16.9	16.9	12.8	33.8	17.2	1.8	64.3
33	13.3	42.5	103.1	119.2	18.9	70.3	120.5	4.6	134.2	78.7	28.7	1.4	64.5	57.2	62.5	90.3	31.1	50.5	53.7	48.4	37.5	77.1	84.3	78.2	38.6
34	126	56.6	3.8	18.9	20.6	53.2	18.6	77	2.4	116.5	67.9	38.9	79	109.3	17.8	70.6	78.8	66.5	46.1	42.5	17.2	68.4	73	91.5	16
35	104.2	15.9	0.7	91.2	60.8	41.6	113.6	68.2	99	23.4	69.6	34.7	74.8	34.6	7.1	5.9	15.9	42.5	82.2	8.6	3.8	84.2	77.3	44.2	58
36	63.5	3.1	66.8	43	56.2	23.4	46.7	11.2	49.1	39.8	68.2	39.5	15.5	49.1	84	88.6	19.7	49.1	69.8	24.5	42.7	68.7	18.5	26.9	36.1
37	36.3	97.8	4.5	8	103.7	27.2	25.8	38.9	48.8	77.4	68.6	24.8	92.7	29.2	47.9	65.2	54.8	80.5	6.5	31.5	14.8	3.7	50.6	50.2	73
38	70.7	38.1	4	1.8	13.4	89	17.3	5.5	5.1	97	27.4	96.4	68.7	55.9	42.9	40.4	8.5	34.8	39.3	58	84.4	69	0.6	17.6	4.3
39	77.9	46.8	27.5	70.2	75	5.7	27	39.3	1.1	25.3	29.4	19.3	63.7	102.2	103.3	67.9	77.9	48	70.5	41.3	85.3	0.7	43.8	89.4	44.8
40	13.2	52.6	86.9	74.6	54.8	14.7	34.6	73.5	21.8	53.6	2.9	28	105	76.7	104.4	10.8	46.7	19.8	27.7	78.8	49.2	73.6	72.8	65.1	28.6
41	101.9	9	45	61.9	37.3	2.9	97.4	105.2	61.5	105.2	52	7.2	19.3	16.8	90.5	77.8	66.6	75.1	19.4	74.5	77.4	8.6	85	2.3	93.1
42	2.8	11.9	66.2	26.4	58.4	15	18.8	73.2	67.9	36.5	93.9	65.2	89.9	94.4	73.6	10.2	23.2	2.7	47.7	54.3	10	83.9	14	64.9	45.5
43	88.4	9.2	9.6	97.8	5.4	90.6	5.6	77.5	28.8	4.9	88.2	52.5	33.8	47.4	37	60.1	83.9	67.4	75.9	31.3	51.5	75.1	75.3	41.8	89.5
44	23.1	27.2	47.9	96.6	0.7	63.8	72.6	74.4	83.9	68.6	48.2	90.3	19.7	98.2	105.5	75.6	47.2	73.1	38.5	86.1	33.3	15.7	26	18	53.2
45	89.1	43.2	41.8	96	10.7	95.8	52	58.4	1.9	80.8	96.5	69.1	14.4	24.3	77.2	6.5	43.5	4.9	73.3	38.9	95.4	30.2	45.2	49.6	90.3;


param B := 15000000;

param: 	f	c	:=
1	1510000	16
2	1890000	17
3	500000	72
4	1370000	10
5	820000	15
6	1680000	75
7	290000	81
8	1980000	36
9	1710000	17
10	990000	39
11	760000	46
12	190000	37
13	1500000	11
14	619000	21
15	620000	19
16	1150000	25
17	490000	11
18	180000	32
19	1010000	19
20	608000	35
21	360000	16
22	180000	27
23	1100000	16
24	419000	17
25	720000	21;








